4 0.365625 0.802344 0.062500 0.101562
2 0.283594 0.929688 0.179688 0.140625
4 0.924219 0.953906 0.151562 0.092188
4 0.903125 0.871094 0.134375 0.089063
2 0.904687 0.752344 0.190625 0.120313
2 0.750000 0.784375 0.109375 0.115625
2 0.615625 0.781250 0.075000 0.062500
4 0.655469 0.757031 0.073438 0.082812
4 0.663281 0.868750 0.101562 0.112500
4 0.741406 0.936719 0.110937 0.126562
4 0.614844 0.935937 0.107813 0.128125
2 0.523438 0.799219 0.103125 0.092188
4 0.411719 0.965625 0.098437 0.068750
4 0.490625 0.940625 0.115625 0.118750
4 0.450781 0.803906 0.067187 0.101562
